0.9800000190734863 0.9800000190734863 0.9800000190734863  
0.9800000190734863 0.9800000190734863 0.9800000190734863  
0.9800000190734863 0.9800000190734863 0.9800000190734863  
0.9800000190734863 0.9800000190734863 0.9800000190734863  
0.9800000190734863 0.9800000190734863 0.9800000190734863  
0.9800000190734863 0.9800000190734863 0.9800000190734863  
0.9800000190734863 0.9800000190734863 0.9800000190734863  
0.9800000190734863 0.9800000190734863 0.9800000190734863  
0.9800000190734863 0.9800000190734863 0.9800000190734863  
0.9800000190734863 0.9800000190734863 0.9800000190734863  
0.9800000190734863 0.9800000190734863 0.9800000190734863  
0.9800000190734863 0.9800000190734863 0.9800000190734863  
0.9800000190734863 0.9800000190734863 0.9800000190734863  
0.9800000190734863 0.9800000190734863 0.9800000190734863  
0.9800000190734863 0.9800000190734863 0.9800000190734863  
0.9800000190734863 0.9800000190734863 0.9800000190734863  
0.9800000190734863 0.9800000190734863 0.9800000190734863  
0.9800000190734863 0.9800000190734863 0.9800000190734863  
0.9800000190734863 0.9800000190734863 0.9800000190734863  
0.9800000190734863 0.9800000190734863 0.9800000190734863  
0.9800000190734863 0.9800000190734863 0.9800000190734863  
0.9800000190734863 0.9800000190734863 0.9800000190734863  
0.9800000190734863 0.9800000190734863 0.9800000190734863  
0.9800000190734863 0.9800000190734863 0.9800000190734863  
0.9800000190734863 0.9800000190734863 0.9800000190734863  
0.9800000190734863 0.9800000190734863 0.9800000190734863  
0.9800000190734863 0.9800000190734863 0.9800000190734863  
0.9800000190734863 0.9800000190734863 0.9800000190734863  
0.9800000190734863 0.9800000190734863 0.9800000190734863  
0.9800000190734863 0.9800000190734863 0.9800000190734863  
0.9800000190734863 0.9800000190734863 0.9800000190734863  
0.9800000190734863 0.9800000190734863 0.9800000190734863  
0.9800000190734863 0.9800000190734863 0.9800000190734863  
0.9800000190734863 0.9800000190734863 0.9800000190734863  
0.9800000190734863 0.9800000190734863 0.9800000190734863  
0.9800000190734863 0.9800000190734863 0.9800000190734863  
0.9800000190734863 0.9800000190734863 0.9800000190734863  
0.9800000190734863 0.9800000190734863 0.9800000190734863  
0.9800000190734863 0.9800000190734863 0.9800000190734863  
0.9800000190734863 0.9800000190734863 0.9800000190734863  
0.9763333201408386 0.9769999980926514 0.981333315372467  
0.9710000157356262 0.9800000190734863 0.9750000238418579  
0.9800000190734863 0.9753333330154419 0.9773333072662354  
0.9779999852180481 0.9739999771118164 0.9710000157356262  
0.965666651725769 0.9810000061988831 0.9783333539962769  
0.9766666889190674 0.9769999980926514 0.9756666421890259  
0.9800000190734863 0.9626666903495789 0.9746666550636292  
0.9753333330154419 0.9736666679382324 0.9800000190734863  
0.9750000238418579 0.9769999980926514 0.9729999899864197  
0.9746666550636292 0.9766666889190674 0.9769999980926514  
0.9739999771118164 0.9729999899864197 0.9746666550636292  
0.9736666679382324 0.9700000286102295 0.9793333411216736  
0.9803333282470703 0.968999981880188 0.9796666502952576  
0.9773333072662354 0.9673333168029785 0.9769999980926514  
0.9746666550636292 0.9729999899864197 0.9786666631698608  
0.9779999852180481 0.9793333411216736 0.9763333201408386  
0.9736666679382324 0.972000002861023 0.9733333587646484  
0.972000002861023 0.9746666550636292 0.9769999980926514  
0.9786666631698608 0.9803333282470703 0.9723333120346069  
0.9723333120346069 0.9753333330154419 0.9739999771118164  
0.9753333330154419 0.9763333201408386 0.9736666679382324  
0.9743333458900452 0.9769999980926514 0.9693333506584167  
0.9786666631698608 0.9750000238418579 0.9750000238418579  
0.981333315372467 0.9736666679382324 0.9763333201408386  
0.9736666679382324 0.9663333296775818 0.9783333539962769  
0.9776666760444641 0.9763333201408386 0.9803333282470703  
0.9760000109672546 0.9789999723434448 0.9776666760444641  
0.9710000157356262 0.9726666808128357 0.9756666421890259  
0.9783333539962769 0.971666693687439 0.9733333587646484  
0.9803333282470703 0.9773333072662354 0.9789999723434448  
0.9723333120346069 0.9753333330154419 0.9733333587646484  
0.9773333072662354 0.9779999852180481 0.9773333072662354  
0.9769999980926514 0.9793333411216736 0.9760000109672546  
0.9729999899864197 0.9810000061988831 0.9796666502952576  
0.9733333587646484 0.9783333539962769 0.9756666421890259  
0.9793333411216736 0.9646666646003723 0.9753333330154419  
0.9783333539962769 0.9653333425521851 0.9793333411216736  
0.9743333458900452 0.971666693687439 0.971666693687439  
0.9753333330154419 0.9723333120346069 0.9726666808128357  
0.9750000238418579 0.9766666889190674 0.9773333072662354  
0.9743333458900452 0.9506666660308838 0.9750000238418579  
0.9643333554267883 0.9703333377838135 0.9700000286102295  
0.9746666550636292 0.9763333201408386 0.965666651725769  
0.9696666598320007 0.9783333539962769 0.9760000109672546  
0.9753333330154419 0.9570000171661377 0.968999981880188  
0.9773333072662354 0.9753333330154419 0.9616666436195374  
0.9706666469573975 0.9753333330154419 0.9613333344459534  
0.9633333086967468 0.9693333506584167 0.968666672706604  
0.9703333377838135 0.9626666903495789 0.9683333039283752  
0.968999981880188 0.9636666774749756 0.9710000157356262  
0.9726666808128357 0.9423333406448364 0.9789999723434448  
0.9676666855812073 0.9739999771118164 0.9706666469573975  
0.965666651725769 0.9750000238418579 0.9693333506584167  
0.9573333263397217 0.9463333487510681 0.972000002861023  
0.9236666560173035 0.9786666631698608 0.9700000286102295  
0.9596666693687439 0.9603333473205566 0.965666651725769  
0.9743333458900452 0.9706666469573975 0.9696666598320007  
0.9700000286102295 0.9546666741371155 0.965666651725769  
0.9726666808128357 0.9649999737739563 0.9753333330154419  
0.9756666421890259 0.9536666870117188 0.9649999737739563  
0.8966666460037231 0.9726666808128357 0.9566666483879089  
0.968666672706604 0.965666651725769 0.9736666679382324  
0.9753333330154419 0.9599999785423279 0.965666651725769  
0.9729999899864197 0.9726666808128357 0.9739999771118164  
0.9723333120346069 0.9733333587646484 0.9636666774749756  
0.9733333587646484 0.9789999723434448 0.9713333249092102  
0.9660000205039978 0.9496666789054871 0.9793333411216736  
0.9746666550636292 0.9733333587646484 0.9760000109672546  
0.9726666808128357 0.9413333535194397 0.9613333344459534  
0.971666693687439 0.9713333249092102 0.9713333249092102  
0.9736666679382324 0.9710000157356262 0.9706666469573975  
0.9736666679382324 0.9683333039283752 0.9736666679382324  
0.9700000286102295 0.9649999737739563 0.9633333086967468  
0.9696666598320007 0.9559999704360962 0.9726666808128357  
0.9649999737739563 0.9633333086967468 0.9639999866485596  
0.9750000238418579 0.9706666469573975 0.971666693687439  
0.9736666679382324 0.9589999914169312 0.9616666436195374  
0.9776666760444641 0.9776666760444641 0.9760000109672546  
0.9723333120346069 0.9330000281333923 0.9700000286102295  
0.9756666421890259 0.9733333587646484 0.9706666469573975  
0.9710000157356262 0.9003333449363708 0.9643333554267883  
0.9636666774749756 0.9190000295639038 0.965666651725769  
0.9490000009536743 0.9586666822433472 0.9396666884422302  
0.9710000157356262 0.9696666598320007 0.9713333249092102  
0.9556666612625122 0.9710000157356262 0.968999981880188  
0.9723333120346069 0.9506666660308838 0.9486666917800903  
0.9666666388511658 0.9693333506584167 0.9599999785423279  
0.9596666693687439 0.9773333072662354 0.9710000157356262  
0.9293333292007446 0.92166668176651 0.9639999866485596  
0.9653333425521851 0.9206666946411133 0.972000002861023  
0.9670000076293945 0.9620000123977661 0.9596666693687439  
0.9556666612625122 0.9729999899864197 0.9666666388511658  
0.9666666388511658 0.9456666707992554 0.9743333458900452  
0.9653333425521851 0.9603333473205566 0.9696666598320007  
0.9536666870117188 0.9110000133514404 0.9660000205039978  
0.968999981880188 0.9393333196640015 0.9700000286102295  
0.9559999704360962 0.9580000042915344 0.9413333535194397  
0.9670000076293945 0.9676666855812073 0.9653333425521851  
0.9713333249092102 0.9649999737739563 0.9589999914169312  
0.9616666436195374 0.9666666388511658 0.9486666917800903  
0.968999981880188 0.9739999771118164 0.9663333296775818  
0.9629999995231628 0.9369999766349792 0.9769999980926514  
0.9666666388511658 0.9723333120346069 0.9493333101272583  
0.9646666646003723 0.9606666564941406 0.968666672706604  
0.9660000205039978 0.953000009059906 0.9693333506584167  
0.9653333425521851 0.968999981880188 0.9553333520889282  
0.9713333249092102 0.9006666541099548 0.9639999866485596  
0.9583333134651184 0.9663333296775818 0.965666651725769  
0.9419999718666077 0.949999988079071 0.9726666808128357  
0.9546666741371155 0.9490000009536743 0.9703333377838135  
0.9559999704360962 0.9430000185966492 0.9729999899864197  
0.9599999785423279 0.9620000123977661 0.971666693687439  
0.9396666884422302 0.9663333296775818 0.9559999704360962  
0.9643333554267883 0.9653333425521851 0.9706666469573975  
0.9706666469573975 0.9623333215713501 0.9723333120346069  
0.9366666674613953 0.9670000076293945 0.972000002861023  
0.9286666512489319 0.9543333053588867 0.9679999947547913  
0.971666693687439 0.9506666660308838 0.9633333086967468  
0.9456666707992554 0.9693333506584167 0.9683333039283752  
0.9700000286102295 0.9753333330154419 0.9693333506584167  
0.9559999704360962 0.965666651725769 0.9703333377838135  
0.9503333568572998 0.9683333039283752 0.9536666870117188  
0.95333331823349 0.9046666622161865 0.968666672706604  
0.9526666402816772 0.9576666951179504 0.9733333587646484  
0.9006666541099548 0.9593333601951599 0.9703333377838135  
0.9446666836738586 0.9506666660308838 0.9556666612625122  
0.918666660785675 0.9653333425521851 0.9713333249092102  
0.9576666951179504 0.9553333520889282 0.9660000205039978  
0.9713333249092102 0.968999981880188 0.9586666822433472  
0.9419999718666077 0.9683333039283752 0.9363333582878113  
0.9253333210945129 0.9673333168029785 0.956333339214325  
0.9490000009536743 0.9503333568572998 0.953000009059906  
0.9573333263397217 0.9666666388511658 0.9639999866485596  
0.9430000185966492 0.906333327293396 0.9629999995231628  
0.9313333630561829 0.972000002861023 0.9666666388511658  
0.9413333535194397 0.9459999799728394 0.9556666612625122  
0.9676666855812073 0.9546666741371155 0.9700000286102295  
0.940666675567627 0.875333309173584 0.9066666960716248  
0.8396666646003723 0.9490000009536743 0.9660000205039978  
0.9593333601951599 0.9509999752044678 0.9496666789054871  
0.9116666913032532 0.949999988079071 0.9486666917800903  
0.9110000133514404 0.9396666884422302 0.9006666541099548  
0.9243333339691162 0.9483333230018616 0.9626666903495789  
0.9223333597183228 0.9706666469573975 0.9666666388511658  
0.9623333215713501 0.9503333568572998 0.9526666402816772  
0.9666666388511658 0.7099999785423279 0.9549999833106995  
0.965666651725769 0.9173333048820496 0.9179999828338623  
0.9423333406448364 0.9603333473205566 0.9613333344459534  
0.8896666765213013 0.9113333225250244 0.9589999914169312  
0.8960000276565552 0.9483333230018616 0.9496666789054871  
0.9543333053588867 0.921999990940094 0.9279999732971191  
0.9129999876022339 0.8676666617393494 0.968666672706604  
0.9593333601951599 0.9076666831970215 0.890333354473114  
0.9553333520889282 0.9039999842643738 0.9539999961853027  
0.9543333053588867 0.9419999718666077 0.9599999785423279  
0.9463333487510681 0.8733333349227905 0.9553333520889282  
0.9606666564941406 0.9319999814033508 0.9346666932106018  
0.9566666483879089 0.9693333506584167 0.9703333377838135  
0.9269999861717224 0.9693333506584167 0.9649999737739563  
0.9496666789054871 0.9509999752044678 0.9416666626930237  
0.9620000123977661 0.8939999938011169 0.9440000057220459  
0.972000002861023 0.8399999737739563 0.9083333611488342  
0.921999990940094 0.9613333344459534 0.9416666626930237  
0.9403333067893982 0.9613333344459534 0.9053333401679993  
0.9383333325386047 0.9036666750907898 0.9459999799728394  
0.9346666932106018 0.9423333406448364 0.968999981880188  
0.9466666579246521 0.9440000057220459 0.9570000171661377  
0.9226666688919067 0.9606666564941406 0.9496666789054871  
0.95333331823349 0.9483333230018616 0.9473333358764648  
0.956333339214325 0.8960000276565552 0.9483333230018616  
0.9383333325386047 0.9039999842643738 0.9606666564941406  
0.9293333292007446 0.9150000214576721 0.95333331823349  
0.9126666784286499 0.9263333082199097 0.9620000123977661  
0.9350000023841858 0.9506666660308838 0.9419999718666077  
0.9539999961853027 0.9566666483879089 0.9580000042915344  
0.9646666646003723 0.9190000295639038 0.9276666641235352  
0.9503333568572998 0.9283333420753479 0.9603333473205566  
0.9229999780654907 0.7450000047683716 0.9443333148956299  
0.9580000042915344 0.9409999847412109 0.9683333039283752  
0.8999999761581421 0.9436666369438171 0.9480000138282776  
0.893666684627533 0.9583333134651184 0.9633333086967468  
0.9589999914169312 0.9513333439826965 0.9660000205039978  
0.9139999747276306 0.9556666612625122 0.9559999704360962  
0.9366666674613953 0.9433333277702332 0.9490000009536743  
0.8636666536331177 0.8673333525657654 0.9589999914169312  
0.9116666913032532 0.9653333425521851 0.9683333039283752  
0.9426666498184204 0.9623333215713501 0.9243333339691162  
0.9576666951179504 0.7960000038146973 0.956333339214325  
0.9056666493415833 0.8999999761581421 0.9416666626930237  
0.9580000042915344 0.8276666402816772 0.9613333344459534  
0.9483333230018616 0.8346666693687439 0.9396666884422302  
0.9620000123977661 0.7663333415985107 0.95333331823349  
0.9449999928474426 0.9126666784286499 0.9496666789054871  
0.9559999704360962 0.9576666951179504 0.934333324432373  
0.9453333616256714 0.8289999961853027 0.949999988079071  
0.8976666927337646 0.906333327293396 0.9520000219345093  
0.9490000009536743 0.9419999718666077 0.9633333086967468  
0.9446666836738586 0.9453333616256714 0.9480000138282776  
0.9306666851043701 0.8036666512489319 0.9653333425521851  
0.9380000233650208 0.9503333568572998 0.953000009059906  
0.9233333468437195 0.9509999752044678 0.95333331823349  
0.8933333158493042 0.7543333172798157 0.9269999861717224  
0.9559999704360962 0.9670000076293945 0.9383333325386047  
0.9390000104904175 0.7836666703224182 0.9583333134651184  
0.9623333215713501 0.9089999794960022 0.9633333086967468  
0.9430000185966492 0.9463333487510681 0.9419999718666077  
0.903333306312561 0.859333336353302 0.953000009059906  
0.9399999976158142 0.8933333158493042 0.8709999918937683  
0.8700000047683716 0.8970000147819519 0.8993333578109741  
0.9120000004768372 0.7253333330154419 0.9466666579246521  
0.9443333148956299 0.7893333435058594 0.9183333516120911  
0.937333345413208 0.8356666564941406 0.9210000038146973  
0.9269999861717224 0.9200000166893005 0.9483333230018616  
0.9453333616256714 0.937666654586792 0.9486666917800903  
0.937333345413208 0.9476666450500488 0.9123333096504211  
0.9676666855812073 0.8896666765213013 0.968666672706604  
0.9453333616256714 0.8040000200271606 0.9606666564941406  
0.9426666498184204 0.9306666851043701 0.8736666440963745  
0.9353333115577698 0.9490000009536743 0.9293333292007446  
0.937333345413208 0.9120000004768372 0.9553333520889282  
0.9089999794960022 0.9133333563804626 0.9070000052452087  
0.9596666693687439 0.9273333549499512 0.9543333053588867  
0.9210000038146973 0.9306666851043701 0.9449999928474426  
0.8880000114440918 0.9366666674613953 0.9436666369438171  
0.9163333177566528 0.9509999752044678 0.9623333215713501  
0.9123333096504211 0.9096666574478149 0.9636666774749756  
0.9023333191871643 0.8273333311080933 0.9113333225250244  
0.9476666450500488 0.9413333535194397 0.9573333263397217  
0.9556666612625122 0.8063333630561829 0.9309999942779541  
0.9229999780654907 0.9430000185966492 0.9683333039283752  
0.9203333258628845 0.8769999742507935 0.9330000281333923  
0.8516666889190674 0.9326666593551636 0.9476666450500488  
0.8946666717529297 0.7960000038146973 0.9646666646003723  
0.9476666450500488 0.8676666617393494 0.9346666932106018  
0.9549999833106995 0.9503333568572998 0.9416666626930237  
0.8410000205039978 0.9523333311080933 0.9066666960716248  
0.9156666398048401 0.843999981880188 0.968999981880188  
0.940666675567627 0.8806666731834412 0.9549999833106995  
0.9096666574478149 0.7369999885559082 0.9303333163261414  
0.9013333320617676 0.9653333425521851 0.9176666736602783  
0.9110000133514404 0.8443333506584167 0.9269999861717224  
0.8983333110809326 0.8656666874885559 0.9279999732971191  
0.8523333072662354 0.8119999766349792 0.949999988079071  
0.8806666731834412 0.8206666707992554 0.8999999761581421  
0.8569999933242798 0.6769999861717224 0.9526666402816772  
0.9253333210945129 0.8793333172798157 0.9269999861717224  
0.9386666417121887 0.8149999976158142 0.847000002861023  
0.8999999761581421 0.940666675567627 0.9523333311080933  
0.8163333535194397 0.9363333582878113 0.9256666898727417  
0.9423333406448364 0.765666663646698 0.9603333473205566  
0.9246666431427002 0.9313333630561829 0.9103333353996277  
0.7680000066757202 0.8450000286102295 0.9083333611488342  
0.9463333487510681 0.9603333473205566 0.9336666464805603  
0.9193333387374878 0.9023333191871643 0.9309999942779541  
0.8666666746139526 0.8799999952316284 0.9566666483879089  
0.8240000009536743 0.937666654586792 0.8893333077430725  
0.9133333563804626 0.8799999952316284 0.9213333129882812  
0.843999981880188 0.8316666483879089 0.8663333058357239  
0.8849999904632568 0.8299999833106995 0.9333333373069763  
0.890666663646698 0.9366666674613953 0.7633333206176758  
0.8169999718666077 0.9353333115577698 0.9606666564941406  
0.8999999761581421 0.8886666893959045 0.9393333196640015  
0.9383333325386047 0.8199999928474426 0.9546666741371155  
0.9503333568572998 0.8926666378974915 0.815666675567627  
0.8543333411216736 0.5636666417121887 0.903333306312561  
0.9366666674613953 0.9013333320617676 0.9263333082199097  
0.906333327293396 0.8823333382606506 0.8889999985694885  
0.8643333315849304 0.6570000052452087 0.9583333134651184  
0.8823333382606506 0.7963333129882812 0.9233333468437195  
0.9096666574478149 0.9366666674613953 0.937333345413208  
0.8963333368301392 0.9629999995231628 0.9333333373069763  
0.8973333239555359 0.8756666779518127 0.9049999713897705  
0.8893333077430725 0.9056666493415833 0.9020000100135803  
0.8849999904632568 0.9016666412353516 0.9160000085830688  
0.8713333606719971 0.9083333611488342 0.9596666693687439  
0.8316666483879089 0.5933333039283752 0.9330000281333923  
0.8880000114440918 0.8289999961853027 0.8786666393280029  
0.8479999899864197 0.762333333492279 0.9083333611488342  
0.9086666703224182 0.8379999995231628 0.9096666574478149  
0.9636666774749756 0.8889999985694885 0.9546666741371155  
0.7946666479110718 0.9459999799728394 0.8460000157356262  
0.9116666913032532 0.8320000171661377 0.8870000243186951  
0.8976666927337646 0.7696666717529297 0.9509999752044678  
0.9176666736602783 0.8473333120346069 0.9156666398048401  
0.8496666550636292 0.934333324432373 0.9570000171661377  
0.9253333210945129 0.8953333497047424 0.9356666803359985  
0.9039999842643738 0.8510000109672546 0.8796666860580444  
0.8333333134651184 0.8616666793823242 0.9020000100135803  
0.7983333468437195 0.7329999804496765 0.7863333225250244  
0.824999988079071 0.7276666760444641 0.9213333129882812  
0.8916666507720947 0.7306666374206543 0.902999997138977  
0.9016666412353516 0.8603333234786987 0.9480000138282776  
0.9086666703224182 0.8693333268165588 0.8663333058357239  
0.9163333177566528 0.9486666917800903 0.8756666779518127  
0.828000009059906 0.8336666822433472 0.906333327293396  
0.9089999794960022 0.7546666860580444 0.9426666498184204  
0.9333333373069763 0.9470000267028809 0.9190000295639038  
0.8106666803359985 0.5806666612625122 0.8003333210945129  
0.6816666722297668 0.9070000052452087 0.8223333358764648  
0.6269999742507935 0.7803333401679993 0.8610000014305115  
0.9113333225250244 0.7036666870117188 0.9136666655540466  
0.875333309173584 0.9013333320617676 0.9576666951179504  
0.8426666855812073 0.815666675567627 0.9390000104904175  
0.9296666383743286 0.9526666402816772 0.8933333158493042  
0.7476666569709778 0.9276666641235352 0.9493333101272583  
0.9156666398048401 0.9480000138282776 0.9286666512489319  
0.8923333287239075 0.9053333401679993 0.8376666903495789  
0.8840000033378601 0.9236666560173035 0.8813333511352539  
0.8889999985694885 0.7446666955947876 0.8663333058357239  
0.6779999732971191 0.6603333353996277 0.7649999856948853  
0.9453333616256714 0.7263333201408386 0.9049999713897705  
0.5709999799728394 0.2746666669845581 0.9263333082199097  
0.9169999957084656 0.5646666884422302 0.9390000104904175  
0.8213333487510681 0.8326666951179504 0.8453333377838135  
0.8686666488647461 0.8633333444595337 0.9326666593551636  
0.8939999938011169 0.9190000295639038 0.9259999990463257  
0.874666690826416 0.9046666622161865 0.9359999895095825  
0.8206666707992554 0.9286666512489319 0.871999979019165  
0.9096666574478149 0.9706666469573975 0.9253333210945129  
0.8899999856948853 0.8376666903495789 0.8943333625793457  
0.8916666507720947 0.9136666655540466 0.9580000042915344  
0.8040000200271606 0.5370000004768372 0.8479999899864197  
0.8763333559036255 0.9210000038146973 0.8713333606719971  
0.7933333516120911 0.7789999842643738 0.953000009059906  
0.9386666417121887 0.768666684627533 0.8006666898727417  
0.9313333630561829 0.8403333425521851 0.8646666407585144  
0.8913333415985107 0.9100000262260437 0.9010000228881836  
0.7473333477973938 0.8403333425521851 0.8220000267028809  
0.6243333220481873 0.8266666531562805 0.9226666688919067  
0.8706666827201843 0.4476666748523712 0.8836666941642761  
0.6119999885559082 0.9183333516120911 0.9026666879653931  
0.8233333230018616 0.7303333282470703 0.9126666784286499  
0.8999999761581421 0.731333315372467 0.9083333611488342  
0.859000027179718 0.7733333110809326 0.828000009059906  
0.668666660785675 0.3113333284854889 0.8806666731834412  
0.9276666641235352 0.8236666917800903 0.8956666588783264  
0.9116666913032532 0.6646666526794434 0.9150000214576721  
0.7823333144187927 0.8709999918937683 0.9306666851043701  
0.9309999942779541 0.8133333325386047 0.8223333358764648  
0.7409999966621399 0.75 0.843999981880188  
0.9020000100135803 0.659333348274231 0.8299999833106995  
0.6349999904632568 0.8006666898727417 0.8736666440963745  
0.7266666889190674 0.9409999847412109 0.9243333339691162  
0.9006666541099548 0.7723333239555359 0.9423333406448364  
0.8846666812896729 0.9190000295639038 0.9290000200271606  
0.7149999737739563 0.8489999771118164 0.9150000214576721  
0.8633333444595337 0.7826666831970215 0.8096666932106018  
0.6993333101272583 0.3556666672229767 0.8096666932106018  
0.9176666736602783 0.7766666412353516 0.9190000295639038  
0.8429999947547913 0.8339999914169312 0.8693333268165588  
0.6460000276565552 0.8816666603088379 0.9330000281333923  
0.9086666703224182 0.8913333415985107 0.7523333430290222  
0.8763333559036255 0.6489999890327454 0.5263333320617676  
0.8863333463668823 0.8933333158493042 0.9070000052452087  
0.8243333101272583 0.6430000066757202 0.9086666703224182  
0.6600000262260437 0.7133333086967468 0.9026666879653931  
0.8029999732971191 0.668666660785675 0.8493333458900452  
0.8176666498184204 0.8479999899864197 0.9353333115577698  
0.7239999771118164 0.7129999995231628 0.937333345413208  
0.6853333115577698 0.840666651725769 0.9326666593551636  
0.871999979019165 0.6980000138282776 0.9183333516120911  
0.5856666564941406 0.6340000033378601 0.7760000228881836  
0.5776666402816772 0.8349999785423279 0.8786666393280029  
0.6653333306312561 0.7260000109672546 0.840666651725769  
0.7703333497047424 0.7350000143051147 0.8723333477973938  
0.7593333125114441 0.7893333435058594 0.9153333306312561  
0.8333333134651184 0.7850000262260437 0.7263333201408386  
0.8633333444595337 0.7059999704360962 0.9446666836738586  
0.8213333487510681 0.5523333549499512 0.9296666383743286  
0.8603333234786987 0.6179999709129333 0.847000002861023  
0.8889999985694885 0.6153333187103271 0.8383333086967468  
0.9136666655540466 0.8970000147819519 0.8863333463668823  
0.7746666669845581 0.8586666584014893 0.9369999766349792  
0.8529999852180481 0.6330000162124634 0.9010000228881836  
0.5320000052452087 0.9106666445732117 0.8963333368301392  
0.9079999923706055 0.8363333344459534 0.8386666774749756  
0.831333339214325 0.7223333120346069 0.8646666407585144  
0.8740000128746033 0.543666660785675 0.9330000281333923  
0.8616666793823242 0.737666666507721 0.718999981880188  
0.8323333263397217 0.8576666712760925 0.7736666798591614  
0.722000002861023 0.9100000262260437 0.8683333396911621  
0.768666684627533 0.9006666541099548 0.840666651725769  
0.856333315372467 0.2876666784286499 0.9333333373069763  
0.8046666383743286 0.2473333328962326 0.7990000247955322  
0.7256666421890259 0.9066666960716248 0.8140000104904175  
0.7710000276565552 0.7026666402816772 0.8643333315849304  
0.7039999961853027 0.8256666660308838 0.8820000290870667  
0.8493333458900452 0.6393333077430725 0.8149999976158142  
0.8870000243186951 0.7799999713897705 0.8606666922569275  
0.6913333535194397 0.9049999713897705 0.8946666717529297  
0.7383333444595337 0.6956666707992554 0.8476666808128357  
0.8303333520889282 0.878000020980835 0.890999972820282  
0.8816666603088379 0.9279999732971191 0.7973333597183228  
0.7799999713897705 0.8823333382606506 0.8679999709129333  
0.5353333353996277 0.7296666502952576 0.8843333125114441  
0.7203333377838135 0.6783333420753479 0.421999990940094  
0.8243333101272583 0.937666654586792 0.7900000214576721  
0.8240000009536743 0.8706666827201843 0.8486666679382324  
0.7730000019073486 0.6800000071525574 0.5073333382606506  
0.8086666464805603 0.7583333253860474 0.9086666703224182  
0.703000009059906 0.6323333382606506 0.9089999794960022  
0.840666651725769 0.6623333096504211 0.6523333191871643  
0.8146666884422302 0.9053333401679993 0.718999981880188  
0.8446666598320007 0.7323333621025085 0.7883333563804626  
0.8573333621025085 0.890999972820282 0.8996666669845581  
0.7933333516120911 0.47600001096725464 0.890666663646698  
0.7943333387374878 0.7946666479110718 0.8966666460037231  
0.9049999713897705 0.7076666951179504 0.9169999957084656  
0.8076666593551636 0.8843333125114441 0.8410000205039978  
0.7743333578109741 0.7213333249092102 0.734666645526886  
0.8700000047683716 0.5379999876022339 0.7269999980926514  
0.734666645526886 0.8163333535194397 0.8706666827201843  
0.6313333511352539 0.7353333234786987 0.9233333468437195  
0.6769999861717224 0.3336666524410248 0.8429999947547913  
0.8169999718666077 0.8679999709129333 0.9306666851043701  
0.67166668176651 0.8103333115577698 0.8493333458900452  
0.8016666769981384 0.9206666946411133 0.612333357334137  
0.7526666522026062 0.812333345413208 0.9433333277702332  
0.5843333601951599 0.9106666445732117 0.8036666512489319  
0.8306666612625122 0.6110000014305115 0.8843333125114441  
0.8330000042915344 0.7223333120346069 0.7409999966621399  
0.8629999756813049 0.6150000095367432 0.7689999938011169  
0.8539999723434448 0.7856666445732117 0.8666666746139526  
0.8736666440963745 0.8996666669845581 0.8420000076293945  
0.6456666588783264 0.6706666946411133 0.8723333477973938  
0.8019999861717224 0.6366666555404663 0.8266666531562805  
0.7699999809265137 0.6933333277702332 0.8920000195503235  
0.8053333163261414 0.8533333539962769 0.8930000066757202  
0.7646666765213013 0.3243333399295807 0.8693333268165588  
0.8379999995231628 0.7236666679382324 0.9089999794960022  
0.43433332443237305 0.4793333411216736 0.777999997138977  
0.7363333106040955 0.9243333339691162 0.8363333344459534  
0.7596666812896729 0.5756666660308838 0.828000009059906  
0.8883333206176758 0.4429999887943268 0.862333357334137  
0.8383333086967468 0.437666654586792 0.7856666445732117  
0.6973333358764648 0.8683333396911621 0.8600000143051147  
0.878333330154419 0.737333357334137 0.6733333468437195  
0.8056666851043701 0.8173333406448364 0.893666684627533  
0.7566666603088379 0.6046666502952576 0.8820000290870667  
0.7453333139419556 0.8493333458900452 0.8799999952316284  
0.6710000038146973 0.8423333168029785 0.9403333067893982  
0.8426666855812073 0.6173333525657654 0.9156666398048401  
0.8243333101272583 0.2513333261013031 0.9006666541099548  
0.8103333115577698 0.6423333287239075 0.862333357334137  
0.82833331823349 0.625333309173584 0.8246666789054871  
0.8586666584014893 0.5643333196640015 0.8743333220481873  
0.7480000257492065 0.8793333172798157 0.6666666865348816  
0.6963333487510681 0.7066666483879089 0.8456666469573975  
0.637333333492279 0.7453333139419556 0.9383333325386047  
0.7576666474342346 0.7806666493415833 0.8736666440963745  
0.8090000152587891 0.5429999828338623 0.7986666560173035  
0.7603333592414856 0.7409999966621399 0.8463333249092102  
0.6150000095367432 0.8163333535194397 0.7793333530426025  
0.5920000076293945 0.7979999780654907 0.812666654586792  
0.812666654586792 0.34433332085609436 0.8456666469573975  
0.6330000162124634 0.4690000116825104 0.8566666841506958  
0.8026666641235352 0.6743333339691162 0.7093333601951599  
0.5206666588783264 0.5376666784286499 0.9056666493415833  
0.7283333539962769 0.8506666421890259 0.7820000052452087  
0.375 0.5299999713897705 0.815666675567627  
0.737666666507721 0.67166668176651 0.6933333277702332  
0.8693333268165588 0.5146666765213013 0.8726666569709778  
0.7983333468437195 0.7123333215713501 0.8953333497047424  
0.9089999794960022 0.6940000057220459 0.8209999799728394  
0.7506666779518127 0.578000009059906 0.7820000052452087  
0.7559999823570251 0.7446666955947876 0.8500000238418579  
0.8116666674613953 0.40566667914390564 0.8999999761581421  
0.878000020980835 0.6153333187103271 0.6653333306312561  
0.5883333086967468 0.6153333187103271 0.8169999718666077  
0.5146666765213013 0.5063333511352539 0.8586666584014893  
0.7093333601951599 0.7606666684150696 0.7246666550636292  
0.643666684627533 0.9079999923706055 0.652999997138977  
0.6499999761581421 0.8980000019073486 0.7203333377838135  
0.6140000224113464 0.7406666874885559 0.8173333406448364  
0.7916666865348816 0.5099999904632568 0.8136666417121887  
0.8173333406448364 0.5806666612625122 0.7556666731834412  
0.8353333473205566 0.6673333048820496 0.8460000157356262  
0.5703333616256714 0.7900000214576721 0.8500000238418579  
0.7606666684150696 0.8556666374206543 0.8533333539962769  
0.7576666474342346 0.5839999914169312 0.6503333449363708  
0.4933333396911621 0.7283333539962769 0.7820000052452087  
0.7556666731834412 0.4716666638851166 0.8413333296775818  
0.6389999985694885 0.690666675567627 0.6683333516120911  
0.70333331823349 0.3883333206176758 0.7889999747276306  
0.8199999928474426 0.7763333320617676 0.8420000076293945  
0.7053333520889282 0.5933333039283752 0.856333315372467  
0.8149999976158142 0.6796666383743286 0.7570000290870667  
0.6236666440963745 0.878333330154419 0.4976666569709778  
0.7383333444595337 0.8473333120346069 0.847000002861023  
0.656333327293396 0.8133333325386047 0.8420000076293945  
0.6579999923706055 0.5099999904632568 0.7749999761581421  
0.47066667675971985 0.7360000014305115 0.6893333196640015  
0.6993333101272583 0.8076666593551636 0.6146666407585144  
0.6413333415985107 0.7710000276565552 0.6506666541099548  
0.7546666860580444 0.7083333134651184 0.6366666555404663  
0.5556666851043701 0.8259999752044678 0.8603333234786987  
0.1693333387374878 0.3540000021457672 0.8463333249092102  
0.6863333582878113 0.6586666703224182 0.9053333401679993  
0.7409999966621399 0.5410000085830688 0.7440000176429749  
0.47999998927116394 0.6156666874885559 0.7239999771118164  
0.5580000281333923 0.9226666688919067 0.8293333053588867  
0.8149999976158142 0.7543333172798157 0.8116666674613953  
0.5323333144187927 0.8353333473205566 0.7549999952316284  
0.5183333158493042 0.7353333234786987 0.8769999742507935  
0.6653333306312561 0.41499999165534973 0.8450000286102295  
0.7453333139419556 0.6003333330154419 0.7736666798591614  
0.7866666913032532 0.7713333368301392 0.7696666717529297  
0.6073333621025085 0.6946666836738586 0.8843333125114441  
0.6583333611488342 0.7113333344459534 0.7996666431427002  
0.5956666469573975 0.7743333578109741 0.6019999980926514  
0.7093333601951599 0.7833333611488342 0.7096666693687439  
0.715666651725769 0.7606666684150696 0.8180000185966492  
0.4583333432674408 0.8299999833106995 0.746666669845581  
0.6356666684150696 0.640333354473114 0.7906666398048401  
0.7009999752044678 0.8569999933242798 0.7873333096504211  
0.7639999985694885 0.6693333387374878 0.8343333601951599  
0.7743333578109741 0.8116666674613953 0.7586666941642761  
0.8453333377838135 0.5260000228881836 0.8803333044052124  
0.8293333053588867 0.7196666598320007 0.8486666679382324  
0.5883333086967468 0.4636666774749756 0.9120000004768372  
0.7590000033378601 0.6019999980926514 0.7850000262260437  
0.6970000267028809 0.7456666827201843 0.7896666526794434  
0.4129999876022339 0.8033333420753479 0.6050000190734863  
0.7103333473205566 0.6499999761581421 0.781000018119812  
0.5106666684150696 0.7126666903495789 0.6629999876022339  
0.640666663646698 0.6570000052452087 0.734666645526886  
0.6203333139419556 0.7053333520889282 0.6606666445732117  
0.6639999747276306 0.8503333330154419 0.8633333444595337  
0.687666654586792 0.8183333277702332 0.8696666955947876  
0.47099998593330383 0.4466666579246521 0.4183333218097687  
0.32600000500679016 0.7106666564941406 0.8743333220481873  
0.44200000166893005 0.8539999723434448 0.8653333187103271  
0.640666663646698 0.6966666579246521 0.6809999942779541  
0.6303333044052124 0.559333324432373 0.7369999885559082  
0.5726666450500488 0.6816666722297668 0.8429999947547913  
0.70333331823349 0.8686666488647461 0.6203333139419556  
0.7360000014305115 0.6833333373069763 0.765999972820282  
0.6539999842643738 0.7743333578109741 0.6353333592414856  
0.6946666836738586 0.609000027179718 0.7540000081062317  
0.8353333473205566 0.9283333420753479 0.8656666874885559  
0.6913333535194397 0.4986666738986969 0.9026666879653931  
0.46266666054725647 0.20866666734218597 0.7143333554267883  
0.4399999976158142 0.515666663646698 0.7429999709129333  
0.6039999723434448 0.8306666612625122 0.6579999923706055  
0.6549999713897705 0.6169999837875366 0.7546666860580444  
0.500333309173584 0.7153333425521851 0.7983333468437195  
0.7583333253860474 0.6129999756813049 0.8813333511352539  
0.7276666760444641 0.7960000038146973 0.7896666526794434  
0.6909999847412109 0.4566666781902313 0.8486666679382324  
0.4790000021457672 0.8263333439826965 0.8553333282470703  
0.6703333258628845 0.49399998784065247 0.8059999942779541  
0.5299999713897705 0.6696666479110718 0.6193333268165588  
0.5333333611488342 0.4846666753292084 0.859333336353302  
0.5346666574478149 0.6869999766349792 0.7960000038146973  
0.5383333563804626 0.7926666736602783 0.6953333616256714  
0.7606666684150696 0.8330000042915344 0.7796666622161865  
0.6586666703224182 0.6060000061988831 0.7649999856948853  
0.5766666531562805 0.518666684627533 0.8576666712760925  
0.565666675567627 0.8263333439826965 0.5523333549499512  
0.4976666569709778 0.4323333203792572 0.7986666560173035  
0.706333339214325 0.406333327293396 0.8346666693687439  
0.5843333601951599 0.5836666822433472 0.6416666507720947  
0.5756666660308838 0.7086666822433472 0.8289999961853027  
0.7986666560173035 0.5509999990463257 0.5410000085830688  
0.531333327293396 0.6629999876022339 0.6420000195503235  
0.7720000147819519 0.812333345413208 0.6850000023841858  
0.6486666798591614 0.6623333096504211 0.7273333072662354  
0.5793333053588867 0.7680000066757202 0.5816666483879089  
0.5433333516120911 0.512666642665863 0.7703333497047424  
0.4830000102519989 0.4246666729450226 0.652999997138977  
0.5379999876022339 0.5116666555404663 0.7423333525657654  
0.5413333177566528 0.6566666960716248 0.6290000081062317  
0.6399999856948853 0.37066665291786194 0.6456666588783264  
0.559333324432373 0.4126666784286499 0.7149999737739563  
0.8040000200271606 0.4256666600704193 0.6663333177566528  
0.6133333444595337 0.7663333415985107 0.7490000128746033  
0.6576666831970215 0.18566666543483734 0.5199999809265137  
0.6119999885559082 0.6790000200271606 0.8040000200271606  
0.5049999952316284 0.28433331847190857 0.6079999804496765  
0.7390000224113464 0.2983333468437195 0.6819999814033508  
0.406333327293396 0.5400000214576721 0.7683333158493042  
0.6353333592414856 0.6800000071525574 0.8289999961853027  
0.5773333311080933 0.2329999953508377 0.5249999761581421  
0.5839999914169312 0.8253333568572998 0.8650000095367432  
0.518666684627533 0.79666668176651 0.7243333458900452  
0.6656666398048401 0.3473333418369293 0.8943333625793457  
0.6610000133514404 0.8363333344459534 0.7926666736602783  
0.4690000116825104 0.7693333625793457 0.8539999723434448  
0.23066666722297668 0.4869999885559082 0.8356666564941406  
0.5796666741371155 0.4503333270549774 0.6653333306312561  
0.565666675567627 0.7116666436195374 0.6333333253860474  
0.668666660785675 0.5406666398048401 0.5849999785423279  
0.4873333275318146 0.7896666526794434 0.7563333511352539  
0.7070000171661377 0.6223333477973938 0.8186666369438171  
0.6349999904632568 0.4933333396911621 0.800000011920929  
0.625 0.643666684627533 0.8403333425521851  
0.6356666684150696 0.7253333330154419 0.7273333072662354  
0.809333324432373 0.6276666522026062 0.5289999842643738  
0.699999988079071 0.8100000023841858 0.5433333516120911  
0.7363333106040955 0.47066667675971985 0.6973333358764648  
0.6779999732971191 0.621999979019165 0.6700000166893005  
0.5889999866485596 0.5873333215713501 0.5973333120346069  
0.8396666646003723 0.7733333110809326 0.8159999847412109  
0.656000018119812 0.7523333430290222 0.6913333535194397  
0.7676666378974915 0.30566665530204773 0.7193333506584167  
0.4036666750907898 0.41233333945274353 0.6156666874885559  
0.6853333115577698 0.4659999907016754 0.5746666789054871  
0.6129999756813049 0.3943333327770233 0.6973333358764648  
0.4020000100135803 0.6420000195503235 0.637666642665863  
0.4573333263397217 0.5213333368301392 0.6470000147819519  
0.6626666784286499 0.518666684627533 0.5463333129882812  
0.5946666598320007 0.3893333375453949 0.4189999997615814  
0.7713333368301392 0.7269999980926514 0.6673333048820496  
0.4873333275318146 0.42100000381469727 0.8036666512489319  
0.7053333520889282 0.4506666660308838 0.6276666522026062  
0.44200000166893005 0.4713333249092102 0.6949999928474426  
0.41866666078567505 0.5476666688919067 0.6466666460037231  
0.46566668152809143 0.4050000011920929 0.812333345413208  
0.5773333311080933 0.23266667127609253 0.7086666822433472  
0.6956666707992554 0.6176666617393494 0.8263333439826965  
0.47200000286102295 0.7323333621025085 0.4866666793823242  
0.5759999752044678 0.2926666736602783 0.7046666741371155  
0.625 0.39800000190734863 0.6359999775886536  
0.41100001335144043 0.3843333423137665 0.8700000047683716  
0.4436666667461395 0.8433333039283752 0.8333333134651184  
0.4623333215713501 0.31466665863990784 0.7490000128746033  
0.715666651725769 0.800000011920929 0.8303333520889282  
0.39666667580604553 0.7089999914169312 0.49799999594688416  
0.5066666603088379 0.4560000002384186 0.7526666522026062  
0.6029999852180481 0.4880000054836273 0.4776666760444641  
0.6320000290870667 0.7413333058357239 0.6476666927337646  
0.6473333239555359 0.7276666760444641 0.5910000205039978  
0.6039999723434448 0.5529999732971191 0.7289999723434448  
0.6039999723434448 0.2423333376646042 0.6796666383743286  
0.36000001430511475 0.6330000162124634 0.7766666412353516  
0.5540000200271606 0.5573333501815796 0.7616666555404663  
0.722000002861023 0.3293333351612091 0.6079999804496765  
0.3173333406448364 0.5986666679382324 0.8223333358764648  
0.5926666855812073 0.6190000176429749 0.687666654586792  
0.4753333330154419 0.800000011920929 0.7883333563804626  
0.4386666715145111 0.4580000042915344 0.8180000185966492  
0.7706666588783264 0.24400000274181366 0.7633333206176758  
0.38966667652130127 0.6146666407585144 0.6380000114440918  
0.5743333101272583 0.49399998784065247 0.6660000085830688  
0.3440000116825104 0.40966665744781494 0.6620000004768372  
0.4466666579246521 0.4946666657924652 0.628333330154419  
0.6303333044052124 0.43799999356269836 0.5326666831970215  
0.5223333239555359 0.31466665863990784 0.7393333315849304  
0.6103333234786987 0.612666666507721 0.6660000085830688  
0.3799999952316284 0.637666642665863 0.5236666798591614  
0.5299999713897705 0.6240000128746033 0.4193333387374878  
0.3610000014305115 0.46933332085609436 0.3606666624546051  
0.7516666650772095 0.7099999785423279 0.7586666941642761  
0.6346666812896729 0.6389999985694885 0.6359999775886536  
0.6043333411216736 0.6896666884422302 0.3656666576862335  
0.30933332443237305 0.5723333358764648 0.7633333206176758  
0.3709999918937683 0.4410000145435333 0.6936666369438171  
0.5249999761581421 0.4193333387374878 0.5253333449363708  
0.6713333129882812 0.565666675567627 0.6850000023841858  
0.5350000262260437 0.5933333039283752 0.44200000166893005  
0.492333322763443 0.5989999771118164 0.7166666388511658  
0.41066667437553406 0.49900001287460327 0.6579999923706055  
0.6449999809265137 0.6286666393280029 0.6349999904632568  
0.6796666383743286 0.7229999899864197 0.398333340883255  
0.7350000143051147 0.29366666078567505 0.500333309173584  
0.5093333125114441 0.6213333606719971 0.5070000290870667  
0.3293333351612091 0.3306666612625122 0.6786666512489319  
0.5876666903495789 0.5336666703224182 0.7646666765213013  
0.41366666555404663 0.6586666703224182 0.8543333411216736  
0.45500001311302185 0.30000001192092896 0.5176666378974915  
0.5723333358764648 0.406333327293396 0.7829999923706055  
0.5643333196640015 0.5709999799728394 0.781333327293396  
0.6116666793823242 0.4883333444595337 0.7386666536331177  
0.6840000152587891 0.21566666662693024 0.5350000262260437  
0.7003333568572998 0.828000009059906 0.8853333592414856  
0.5876666903495789 0.3946666717529297 0.18533332645893097  
0.6899999976158142 0.5490000247955322 0.8550000190734863  
0.22599999606609344 0.6206666827201843 0.703000009059906  
0.5823333263397217 0.6173333525657654 0.7279999852180481  
0.6556666493415833 0.5210000276565552 0.4736666679382324  
0.6036666631698608 0.21033333241939545 0.5063333511352539  
0.6943333148956299 0.6173333525657654 0.4703333377838135  
0.5743333101272583 0.4560000002384186 0.5793333053588867  
0.3113333284854889 0.390666663646698 0.5006666779518127  
0.41600000858306885 0.4189999997615814 0.5479999780654907  
0.3216666579246521 0.4480000138282776 0.7356666922569275  
0.6196666955947876 0.5199999809265137 0.7363333106040955  
0.624666690826416 0.3473333418369293 0.6323333382606506  
0.5406666398048401 0.5476666688919067 0.6736666560173035  
0.5773333311080933 0.3996666669845581 0.5803333520889282  
0.32066667079925537 0.36899998784065247 0.6323333382606506  
0.37533333897590637 0.5726666450500488 0.7950000166893005  
0.503000020980835 0.4449999928474426 0.6943333148956299  
0.49266666173934937 0.6606666445732117 0.7720000147819519  
0.46299999952316284 0.4753333330154419 0.5753333568572998  
0.40566667914390564 0.26233333349227905 0.5606666803359985  
0.6420000195503235 0.5246666669845581 0.42399999499320984  
0.3346666693687439 0.3986666798591614 0.9070000052452087  
0.5443333387374878 0.6856666803359985 0.6579999923706055  
0.38366666436195374 0.7139999866485596 0.7076666951179504  
0.4059999883174896 0.47433334589004517 0.5619999766349792  
0.4256666600704193 0.36500000953674316 0.8643333315849304  
0.29899999499320984 0.2966666519641876 0.7193333506584167  
0.6213333606719971 0.6233333349227905 0.7620000243186951  
0.4333333373069763 0.4856666624546051 0.7239999771118164  
0.1756666600704193 0.2633333206176758 0.5196666717529297  
0.30433332920074463 0.4860000014305115 0.6336666941642761  
0.6286666393280029 0.3240000009536743 0.7919999957084656  
0.4749999940395355 0.41733333468437195 0.7350000143051147  
0.5883333086967468 0.3916666805744171 0.6953333616256714  
0.5363333225250244 0.7663333415985107 0.7826666831970215  
0.31166666746139526 0.6913333535194397 0.42899999022483826  
0.5519999861717224 0.37833333015441895 0.718666672706604  
0.2906666696071625 0.6389999985694885 0.6153333187103271  
0.4690000116825104 0.687333345413208 0.5706666707992554  
0.46533334255218506 0.375 0.7056666612625122  
0.31066668033599854 0.6809999942779541 0.5726666450500488  
0.40033334493637085 0.27399998903274536 0.3503333330154419  
0.6903333067893982 0.5526666641235352 0.6660000085830688  
0.6256666779518127 0.67166668176651 0.7506666779518127  
0.6069999933242798 0.21433334052562714 0.367333322763443  
0.5090000033378601 0.367333322763443 0.4909999966621399  
0.4390000104904175 0.46533334255218506 0.7743333578109741  
0.38100001215934753 0.7016666531562805 0.4663333296775818  
0.5410000085830688 0.34466665983200073 0.5586666464805603  
0.31166666746139526 0.4386666715145111 0.5086666941642761  
0.6113333106040955 0.54666668176651 0.5673333406448364  
0.6646666526794434 0.3409999907016754 0.5910000205039978  
0.5979999899864197 0.30133333802223206 0.671999990940094  
0.3880000114440918 0.6069999933242798 0.6486666798591614  
0.531000018119812 0.722000002861023 0.6523333191871643  
0.6029999852180481 0.26366665959358215 0.5759999752044678  
0.5609999895095825 0.3943333327770233 0.793666660785675  
0.39399999380111694 0.4000000059604645 0.687666654586792  
0.5546666383743286 0.4779999852180481 0.656000018119812  
0.5413333177566528 0.125 0.6103333234786987  
0.2280000001192093 0.6276666522026062 0.6243333220481873  
0.48500001430511475 0.11533333361148834 0.671999990940094  
0.5950000286102295 0.8276666402816772 0.6269999742507935  
0.34166666865348816 0.4676666557788849 0.5400000214576721  
0.32733333110809326 0.49133333563804626 0.6133333444595337  
0.43566668033599854 0.3686666786670685 0.48133334517478943  
0.5433333516120911 0.4490000009536743 0.47099998593330383  
0.6136666536331177 0.3996666669845581 0.2516666650772095  
0.5440000295639038 0.20533333718776703 0.44066667556762695  
0.3816666603088379 0.34833332896232605 0.7879999876022339  
0.17733334004878998 0.38100001215934753 0.5139999985694885  
0.3190000057220459 0.45266667008399963 0.6240000128746033  
0.6443333625793457 0.5536666512489319 0.4596666693687439  
0.3880000114440918 0.5286666750907898 0.5796666741371155  
0.5663333535194397 0.1926666647195816 0.7390000224113464  
0.45266667008399963 0.4309999942779541 0.67166668176651  
0.6383333206176758 0.4560000002384186 0.6036666631698608  
0.4493333399295807 0.5786666870117188 0.43666666746139526  
0.5640000104904175 0.36000001430511475 0.5196666717529297  
0.41233333945274353 0.30566665530204773 0.5690000057220459  
0.21766667068004608 0.5410000085830688 0.609666645526886  
0.5206666588783264 0.5989999771118164 0.6233333349227905  
0.4350000023841858 0.33899998664855957 0.6226666569709778  
0.35199999809265137 0.6273333430290222 0.4566666781902313  
